2018
2053
2206
2458
2531
2270
2048
2033
2039
2034
2028
2028
2028
2028
2032
2030
2032
2033
2035
2030
2031
2034
2019
2014
2008
1994
1993
1994
2000
2011
2023
2031
2040
2047
2049
2049
2047
2047
2046
2047
2048
2049
2047
2048
2050
2050
2047
2047
2043
2047
2046
2047
2048
2045
2048
2043
2043
2038
2042
2043
2043
2043
2045
2041
2040
2040
2041
2045
2040
2040
2041
2038
2040
2044
2040
2040
2039
2040
2043
2039
2041
2041
2041
2041
2042
2039
2041
2036
2038
2043
2056
2060
2055
2055
2052
2044
2039
2040
2042
2040
2038
2014
2051
2182
2418
2490
2260
2043
2019
2027
2030
2030
2024
2027
2026
2028
2026
2030
2031
2032
2030
2031
2018
2018
2013
2006
2003
1998
1999
2001
2007
2022
2027
2033
2039
2043
2043
2041
2039
2042
2043
2049
2048
2045
2047
2047
2049
2047
2047
2045
2044
2038
2039
2042
2040
2041
2042
2034
2042
2043
